284.4400000000	168.3200000000	16473.1600000000
1098.6400000000	120.1600000000	16444.5200000000
1762.5600000000	90.4400000000	16391.1600000000
2726.0800000000	75.1200000000	16266.0400000000
4196.0800000000	69.2800000000	15958.5200000000
5754.6000000000	13.7600000000	15478.9600000000
7398.2800000000	-28.9600000000	14779.6800000000
8922.4000000000	-101.0000000000	13926.5600000000
10208.2000000000	-104.0000000000	13027.0800000000
11262.0800000000	-139.9200000000	12134.0000000000
12180.1200000000	-211.0000000000	11221.4800000000
13038.0400000000	-257.1600000000	10215.0400000000
13869.2800000000	-340.3200000000	9061.0800000000
14463.8400000000	-403.5600000000	8074.6800000000
15051.7200000000	-415.0000000000	6915.2400000000
15423.6000000000	-441.7600000000	6033.6400000000
15782.1600000000	-476.3200000000	5013.0400000000
16046.4000000000	-482.6000000000	4073.1600000000
16226.4800000000	-520.8000000000	3252.9200000000
16396.8000000000	-529.4800000000	2181.8800000000
16511.6400000000	-560.0800000000	763.2000000000
-18.6400000000	225.0800000000	16465.4000000000
-2.6800000000	1048.0400000000	16422.8400000000
24.6800000000	1688.0800000000	16360.3200000000
10.4000000000	2687.7200000000	16208.1200000000
104.3200000000	4564.0400000000	15752.0000000000
90.4800000000	6498.5600000000	15019.9200000000
-7.1600000000	8206.3600000000	14123.9200000000
16.9600000000	9570.3600000000	13204.0400000000
125.0800000000	10676.3200000000	12295.5600000000
119.7600000000	11645.8000000000	11358.5200000000
189.9600000000	12539.8400000000	10324.3200000000
203.5200000000	13389.4400000000	9160.0800000000
222.5200000000	13998.8800000000	8169.1200000000
231.1200000000	14601.6000000000	6994.1200000000
250.6000000000	14982.2800000000	6108.9200000000
268.9600000000	15353.4400000000	5070.3200000000
262.7600000000	15623.0400000000	4118.7600000000
234.5600000000	15789.0400000000	3402.8000000000
263.0400000000	15975.2800000000	2285.7600000000
265.5200000000	16104.4000000000	839.6800000000
206.4400000000	19.2800000000	16486.0800000000
760.7600000000	575.0800000000	16456.8000000000
1219.2400000000	1042.4000000000	16400.7200000000
1892.7200000000	1775.7200000000	16267.6800000000
3353.8400000000	3329.1600000000	15769.2000000000
4677.6400000000	4697.9200000000	15052.2800000000
5820.2400000000	5887.6800000000	14196.6000000000
6743.4400000000	6922.2400000000	13268.3200000000
7503.9600000000	7700.1200000000	12390.6400000000
8187.1200000000	8401.0800000000	11451.0000000000
8782.5200000000	9039.6000000000	10460.8000000000
9395.8400000000	9665.1200000000	9286.3200000000
9829.8000000000	10115.0000000000	8287.6800000000
10259.6400000000	10527.5600000000	7154.6800000000
10510.6000000000	10811.1600000000	6305.0400000000
10811.7600000000	11068.4400000000	5226.0400000000
11002.2800000000	11281.2800000000	4264.1600000000
11152.9200000000	11414.4800000000	3414.7200000000
11268.0800000000	11543.4400000000	2403.5600000000
11362.7200000000	11645.2400000000	940.5600000000
42.1200000000	1.8800000000	16493.7200000000
-492.3600000000	569.6000000000	16461.7600000000
-939.7200000000	1017.5200000000	16409.5600000000
-1658.9600000000	1734.1200000000	16277.2000000000
-3176.4800000000	3211.3600000000	15781.8000000000
-4442.1200000000	4616.4400000000	15074.8800000000
-5686.1600000000	5715.2400000000	14225.5200000000
-6729.2400000000	6663.0000000000	13309.8800000000
-7496.7200000000	7463.1200000000	12424.0800000000
-8201.8000000000	8126.6800000000	11501.7600000000
-8855.6000000000	8737.5600000000	10501.5600000000
-9450.6400000000	9379.4800000000	9338.2400000000
-9905.4800000000	9817.8000000000	8340.0800000000
-10340.2800000000	10235.9600000000	7209.1600000000
-10601.2000000000	10526.1200000000	6336.7200000000
-10879.1200000000	10823.6800000000	5245.1200000000
-11093.1600000000	11005.4800000000	4306.6800000000
-11240.6000000000	11136.8800000000	3477.2800000000
-11369.7600000000	11266.3200000000	2445.0400000000
-11498.3600000000	11342.8000000000	976.8800000000
-1.8000000000	-83.4800000000	16489.9200000000
-738.4800000000	-71.3600000000	16467.2400000000
-1371.1200000000	-66.8000000000	16423.0800000000
-2380.1600000000	-49.2400000000	16300.4000000000
-4501.8400000000	2.7600000000	15829.6400000000
-6348.0000000000	32.8400000000	15171.3200000000
-8086.7600000000	-20.6400000000	14298.7200000000
-9496.5600000000	-62.1600000000	13402.0000000000
-10618.1600000000	-43.3200000000	12522.1200000000
-11602.2800000000	-47.0000000000	11607.0000000000
-12500.9600000000	-74.1600000000	10627.1200000000
-13395.4000000000	-48.7200000000	9464.7600000000
-14037.4800000000	-47.4000000000	8479.0000000000
-14650.7200000000	-44.0000000000	7355.6800000000
-15049.4800000000	-17.4800000000	6489.1200000000
-15463.4000000000	-38.5600000000	5418.1600000000
-15758.7200000000	-35.0400000000	4464.4000000000
-15969.4800000000	-49.0000000000	3615.0400000000
-16161.0800000000	-52.9200000000	2593.0800000000
-16318.7600000000	-79.3600000000	1143.2000000000
70.4000000000	-123.9200000000	16487.1600000000
-508.2800000000	-672.8800000000	16473.2800000000
-973.3600000000	-1115.3200000000	16432.2800000000
-1671.5200000000	-1829.4400000000	16312.2400000000
-3216.6000000000	-3303.4400000000	15851.9200000000
-4541.3600000000	-4599.2800000000	15200.5600000000
-5715.7200000000	-5874.8400000000	14354.2000000000
-6688.1600000000	-6901.4800000000	13449.5600000000
-7486.8000000000	-7681.0000000000	12592.4800000000
-8193.1600000000	-8369.7200000000	11675.9200000000
-8823.8000000000	-9013.7200000000	10701.8800000000
-9471.9600000000	-9639.3600000000	9541.2800000000
-9930.1600000000	-10097.6400000000	8548.4800000000
-10351.6000000000	-10538.7600000000	7438.4800000000
-10645.0800000000	-10810.9600000000	6580.1200000000
-10929.1200000000	-11115.3600000000	5509.2000000000
-11150.8800000000	-11319.7200000000	4552.2400000000
-11300.6800000000	-11467.3600000000	3721.0400000000
-11425.4000000000	-11620.0000000000	2699.3600000000
-11530.5600000000	-11750.9200000000	1237.9200000000
207.8400000000	-142.0800000000	16479.0000000000
190.4000000000	-910.6000000000	16478.0800000000
183.0400000000	-1555.0000000000	16439.0400000000
185.1600000000	-2550.9600000000	16327.0800000000
86.2000000000	-4657.9600000000	15883.0000000000
151.2400000000	-6547.1200000000	15227.5200000000
153.7600000000	-8256.5200000000	14391.0400000000
242.3600000000	-9681.2800000000	13490.2000000000
213.7200000000	-10792.7200000000	12630.0800000000
170.1600000000	-11772.4400000000	11732.5600000000
221.9600000000	-12671.0400000000	10760.8000000000
208.5200000000	-13571.4800000000	9607.2000000000
128.0000000000	-14223.8400000000	8613.1200000000
175.4400000000	-14838.8400000000	7507.7200000000
155.0800000000	-15240.2000000000	6648.7600000000
138.8800000000	-15661.1200000000	5577.2400000000
127.2400000000	-15964.5200000000	4618.7200000000
119.4000000000	-16177.6000000000	3790.6000000000
105.6400000000	-16372.4400000000	2781.7200000000
112.3200000000	-16544.8800000000	1295.6000000000
298.8400000000	-142.0800000000	16481.7600000000
863.2000000000	-665.8400000000	16471.6400000000
1322.7600000000	-1097.8000000000	16420.9600000000
2048.4000000000	-1774.5600000000	16306.6800000000
3616.3600000000	-3168.0000000000	15835.4000000000
4942.5200000000	-4490.0400000000	15175.4000000000
6242.6400000000	-5621.3200000000	14317.6000000000
7296.4800000000	-6575.2400000000	13413.0800000000
8088.3200000000	-7334.7200000000	12548.8000000000
8809.1600000000	-7992.3200000000	11643.2000000000
9464.8800000000	-8618.4000000000	10654.1200000000
10084.7200000000	-9260.3200000000	9491.8400000000
10524.6000000000	-9728.4000000000	8504.5200000000
10992.3600000000	-10114.3600000000	7389.4000000000
11268.2000000000	-10396.1200000000	6532.8000000000
11550.0800000000	-10699.1600000000	5456.2800000000
11754.6800000000	-10914.0400000000	4498.8800000000
11907.4400000000	-11054.3200000000	3661.3600000000
12036.6400000000	-11196.9600000000	2630.1600000000
12150.9200000000	-11302.1600000000	1166.0400000000
1103.1600000000	-185.5600000000	-16135.2400000000
1910.6800000000	-219.5600000000	-16063.5600000000
2550.2800000000	-239.0400000000	-15980.3600000000
3550.4000000000	-292.0400000000	-15799.4000000000
5636.2800000000	-370.6800000000	-15205.4800000000
7444.4000000000	-387.8400000000	-14438.4400000000
9104.3200000000	-475.1600000000	-13488.8000000000
10472.8800000000	-551.1200000000	-12493.6800000000
11528.9600000000	-638.0400000000	-11558.6800000000
12452.9200000000	-660.0400000000	-10594.8000000000
12448.9200000000	-660.7600000000	-10591.2000000000
13287.1200000000	-716.8400000000	-9560.7600000000
14112.7600000000	-723.1200000000	-8344.5600000000
14694.0400000000	-714.1600000000	-7320.8400000000
15228.2000000000	-805.5600000000	-6177.5200000000
15572.0400000000	-787.8000000000	-5293.8000000000
15917.4800000000	-795.4400000000	-4206.8800000000
16156.8400000000	-798.7200000000	-3241.6800000000
16316.4800000000	-813.1600000000	-2388.6400000000
16446.7600000000	-813.8800000000	-1363.0400000000
16520.1600000000	-836.1600000000	96.0400000000
1102.7200000000	-100.9600000000	-16132.4800000000
1669.6800000000	-722.7600000000	-16079.6800000000
2111.4000000000	-1197.8800000000	-16008.4000000000
2782.6800000000	-1950.7600000000	-15847.0000000000
4167.7600000000	-3554.5600000000	-15295.4400000000
5380.4800000000	-4910.5200000000	-14564.8800000000
6518.9600000000	-6165.6400000000	-13630.5200000000
7378.8400000000	-7237.0000000000	-12675.8000000000
8024.5600000000	-8065.7200000000	-11800.0800000000
8669.8400000000	-8765.9200000000	-10846.3600000000
9191.4800000000	-9437.0000000000	-9844.1200000000
9734.0800000000	-10083.3200000000	-8662.9200000000
10158.7600000000	-10528.9600000000	-7627.0400000000
10498.7600000000	-10985.0400000000	-6490.2400000000
10695.0400000000	-11285.5200000000	-5639.0400000000
10918.5600000000	-11585.7200000000	-4559.8000000000
11079.0000000000	-11796.0800000000	-3583.1600000000
11178.6800000000	-11947.3600000000	-2741.8400000000
11248.2800000000	-12096.5600000000	-1699.6400000000
11256.4400000000	-12228.0800000000	-258.5200000000
894.4800000000	-309.1200000000	-16138.1200000000
879.4000000000	-1118.5600000000	-16113.7200000000
872.0400000000	-1744.4000000000	-16069.0400000000
866.3600000000	-2728.4400000000	-15943.8800000000
388.4800000000	-4949.2000000000	-15458.1200000000
422.5200000000	-6803.8800000000	-14773.9600000000
324.6000000000	-8513.5600000000	-13905.0400000000
299.5200000000	-9914.9200000000	-12982.5200000000
244.4000000000	-11025.0800000000	-12093.4000000000
189.8000000000	-12001.6000000000	-11160.0000000000
121.7600000000	-12886.3600000000	-10168.5200000000
105.2800000000	-13772.2800000000	-8984.5200000000
5.4400000000	-14391.4800000000	-7997.3600000000
-39.4400000000	-14987.8000000000	-6866.1600000000
-54.7600000000	-15371.2000000000	-6003.3200000000
-65.0800000000	-15773.2800000000	-4910.6400000000
-84.8400000000	-16054.6400000000	-3954.8800000000
-115.8800000000	-16252.3600000000	-3110.2000000000
-150.6000000000	-16426.7200000000	-2085.5200000000
-211.8400000000	-16564.0800000000	-620.7200000000
387.0000000000	-453.7600000000	-16141.7600000000
49.3600000000	-1009.9200000000	-16143.0800000000
-402.8000000000	-1476.3600000000	-16106.4800000000
-1149.2000000000	-2161.9600000000	-15999.2800000000
-2654.8000000000	-3653.3600000000	-15565.8000000000
-4128.1600000000	-4844.0800000000	-14928.4400000000
-5463.8800000000	-5975.5200000000	-14093.6800000000
-6424.2000000000	-6993.7200000000	-13224.9600000000
-7366.2000000000	-7684.0000000000	-12343.4000000000
-7996.9200000000	-8416.1600000000	-11471.0400000000
-8753.4400000000	-8981.2400000000	-10480.2800000000
-9421.9200000000	-9580.4800000000	-9342.7600000000
-9870.9200000000	-10029.6400000000	-8391.4000000000
-10380.1200000000	-10418.6800000000	-7266.7200000000
-10675.4800000000	-10688.8400000000	-6424.8400000000
-10983.2800000000	-10970.9600000000	-5389.4800000000
-11243.2000000000	-11160.3200000000	-4422.7600000000
-11416.4400000000	-11284.1200000000	-3628.9600000000
-11594.9600000000	-11403.8400000000	-2609.8800000000
-11772.2400000000	-11485.2000000000	-1133.6000000000
542.3200000000	-330.0400000000	-16154.9600000000
-321.9200000000	-351.2800000000	-16156.4800000000
-954.4000000000	-364.1600000000	-16128.1600000000
-2001.4800000000	-370.7600000000	-16031.4400000000
-4164.8400000000	-278.8800000000	-15611.6400000000
-6035.6400000000	-310.7600000000	-14994.3600000000
-7741.0400000000	-378.8800000000	-14199.5200000000
-9170.3600000000	-299.8000000000	-13340.2000000000
-10301.8800000000	-309.4000000000	-12505.6400000000
-11306.0400000000	-334.9200000000	-11622.8800000000
-12226.4000000000	-256.0800000000	-10672.7600000000
-13141.9200000000	-309.0800000000	-9550.8800000000
-13796.4800000000	-338.9200000000	-8603.2400000000
-14439.9200000000	-301.4400000000	-7505.1600000000
-14855.6800000000	-284.9600000000	-6668.3200000000
-15299.9600000000	-298.8800000000	-5614.6800000000
-15624.0800000000	-307.9200000000	-4678.3600000000
-15852.0000000000	-299.5200000000	-3867.4400000000
-16073.9600000000	-288.0800000000	-2871.6400000000
-16281.4000000000	-268.6000000000	-1410.2000000000
490.1600000000	-274.7600000000	-16155.0800000000
-105.6800000000	329.6800000000	-16151.1600000000
-586.7600000000	774.1600000000	-16117.1600000000
-1236.2400000000	1527.7600000000	-16014.5200000000
-2600.2000000000	3135.8000000000	-15590.0800000000
-3967.3600000000	4441.6000000000	-14960.6400000000
-5136.8000000000	5678.2000000000	-14158.9600000000
-6128.6400000000	6703.1600000000	-13285.4400000000
-6986.4400000000	7482.9200000000	-12419.5200000000
-7695.4400000000	8183.6800000000	-11530.7200000000
-8338.4400000000	8828.3600000000	-10569.0800000000
-8981.5600000000	9475.2400000000	-9429.9600000000
-9472.9600000000	9918.3600000000	-8454.9600000000
-9909.1200000000	10364.0000000000	-7359.5200000000
-10194.9200000000	10653.1200000000	-6516.6800000000
-10524.3200000000	10940.9600000000	-5445.3200000000
-10745.5600000000	11156.4800000000	-4515.7600000000
-10919.2400000000	11298.7200000000	-3692.7200000000
-11078.4800000000	11442.0800000000	-2670.1600000000
-11215.0400000000	11571.4400000000	-1200.7600000000
857.5600000000	-115.2000000000	-16072.8800000000
861.6000000000	693.2000000000	-16116.9200000000
850.9600000000	2296.1600000000	-15948.3600000000
850.7200000000	1310.5600000000	-16070.8000000000
853.4800000000	2296.4000000000	-15948.7200000000
825.4400000000	4363.1200000000	-15491.0800000000
830.6400000000	6243.7200000000	-14815.1600000000
870.5600000000	7968.3200000000	-13952.9200000000
807.9200000000	9377.2800000000	-13042.6000000000
738.7600000000	10480.3200000000	-12167.1200000000
714.9600000000	11455.8000000000	-11255.6000000000
713.7600000000	12356.8800000000	-10257.1600000000
660.5600000000	13238.8000000000	-9092.6000000000
622.8400000000	13871.4800000000	-8104.7600000000
567.6400000000	14478.4800000000	-6977.5200000000
543.9200000000	14869.3200000000	-6105.0000000000
465.2800000000	15264.5200000000	-5050.0800000000
448.3200000000	15557.3600000000	-4088.9600000000
401.5200000000	15757.7200000000	-3267.4400000000
355.5200000000	15941.8800000000	-2246.2000000000
308.2800000000	16091.7200000000	-792.6000000000
811.3200000000	-186.0000000000	-16145.6000000000
1405.5600000000	367.2000000000	-16098.6000000000
1919.8800000000	884.2800000000	-16020.6000000000
2579.8400000000	1510.6400000000	-15880.0000000000
4047.6400000000	3013.4000000000	-15347.0000000000
5376.7600000000	4323.2400000000	-14613.2800000000
6656.9200000000	5375.8000000000	-13722.2400000000
7634.2000000000	6352.4400000000	-12759.0400000000
8418.2800000000	7092.1200000000	-11866.1200000000
9053.6800000000	7815.1200000000	-10922.9200000000
9672.4800000000	8414.9200000000	-9909.6800000000
10279.0000000000	9004.8800000000	-8739.4400000000
10697.0400000000	9449.0800000000	-7730.1200000000
11101.6000000000	9853.5600000000	-6595.6800000000
11359.7600000000	10111.6800000000	-5730.5200000000
11622.5600000000	10379.3200000000	-4660.9600000000
11777.1600000000	10609.1600000000	-3687.6400000000
11897.8800000000	10735.0400000000	-2870.2400000000
11993.3600000000	10871.5200000000	-1844.6000000000
12055.0400000000	10969.1200000000	-368.8800000000
972.2400000000	16076.4800000000	-678.8800000000
1767.1200000000	16017.5600000000	-644.2000000000
2402.6800000000	15939.9200000000	-634.4800000000
3389.7600000000	15774.7200000000	-573.4400000000
5449.3200000000	15216.1600000000	-444.4000000000
7334.8400000000	14431.0400000000	-497.9600000000
9016.3200000000	13485.1600000000	-517.9200000000
10367.4000000000	12517.8800000000	-441.5600000000
11447.3200000000	11579.8400000000	-407.2400000000
12379.5600000000	10621.3600000000	-315.6800000000
13239.0800000000	9570.2800000000	-295.8400000000
14056.3600000000	8389.7600000000	-182.5200000000
14649.2000000000	7359.6400000000	-151.3200000000
15204.4800000000	6191.3600000000	-108.9600000000
15553.9600000000	5307.4000000000	-50.8000000000
15903.5600000000	4230.0800000000	28.8800000000
16151.8800000000	3244.3200000000	73.6400000000
16312.2000000000	2407.6400000000	122.1600000000
16440.9200000000	1436.4000000000	142.7600000000
16525.7600000000	-47.6800000000	222.3200000000
830.4000000000	16079.6000000000	-720.6800000000
1407.0000000000	16001.5200000000	-1318.3600000000
1863.7600000000	15911.1200000000	-1768.3600000000
2551.2400000000	15718.3600000000	-2488.2800000000
3887.8800000000	15109.7600000000	-4057.5200000000
5274.8000000000	14323.7600000000	-5224.7200000000
6398.4000000000	13355.8000000000	-6425.5600000000
7276.8000000000	12329.6800000000	-7483.9200000000
7963.0000000000	11373.7200000000	-8280.6000000000
8582.3600000000	10389.8800000000	-8942.5600000000
9143.9200000000	9345.8800000000	-9550.4000000000
9734.8400000000	8134.2400000000	-10085.4800000000
10162.2800000000	7106.6400000000	-10463.2000000000
10542.6800000000	5936.9600000000	-10828.7600000000
10754.9200000000	5044.4400000000	-11085.1200000000
10983.8400000000	3947.6800000000	-11323.0800000000
11131.7200000000	2979.1200000000	-11491.1600000000
11229.6400000000	2128.6000000000	-11602.4000000000
11311.8000000000	1089.4800000000	-11688.2400000000
11336.5600000000	-384.1200000000	-11736.3200000000
164.7600000000	16109.3600000000	-472.1600000000
185.6400000000	16060.2000000000	-1291.4000000000
180.3600000000	15989.8400000000	-1926.4400000000
187.8000000000	15830.4000000000	-2933.9600000000
172.3200000000	15295.6400000000	-4988.4800000000
146.3200000000	14557.3600000000	-6831.4400000000
137.0000000000	13645.9600000000	-8502.2400000000
23.0400000000	12695.5600000000	-9856.3200000000
73.2800000000	11766.9600000000	-10948.0000000000
78.1200000000	10822.8800000000	-11883.4400000000
0.5200000000	9810.8800000000	-12738.2800000000
-69.5200000000	8628.9200000000	-13567.8800000000
-53.3600000000	7612.3600000000	-14170.0400000000
-32.1200000000	6458.0000000000	-14739.6800000000
-69.0400000000	5591.2000000000	-15097.9200000000
-56.0000000000	4504.5200000000	-15466.1200000000
-56.3600000000	3549.1200000000	-15722.2800000000
-66.8800000000	2738.2400000000	-15892.2400000000
-78.2400000000	1681.4800000000	-16047.9200000000
-108.7200000000	238.0000000000	-16151.7200000000
251.6000000000	16103.8800000000	-553.0800000000
-336.4400000000	16064.7600000000	-1110.6800000000
-795.1600000000	16002.4400000000	-1589.6399999992
-1537.9200000000	15867.7200000000	-2218.4000000000
-3174.0800000000	15374.4000000000	-3499.8400000000
-4462.2800000000	14667.4000000000	-4848.8400000000
-5720.8800000000	13777.3600000000	-6004.0400000000
-6784.3600000000	12837.9200000000	-6907.8800000000
-7612.0000000000	11945.4000000000	-7625.7200000000
-8328.1600000000	11014.0400000000	-8273.3200000000
-9022.5200000000	10013.5600000000	-8805.7600000000
-9633.4000000000	8805.5600000000	-9448.1600000000
-10131.8800000000	7826.6400000000	-9799.0800000000
-10588.3200000000	6680.5600000000	-10179.4000000000
-10883.2000000000	5822.6800000000	-10407.9600000000
-11185.2000000000	4737.2400000000	-10654.3600000000
-11401.3200000000	3748.9200000000	-10836.1600000000
-11557.3200000000	2907.1600000000	-10946.7200000000
-11704.3600000000	1873.9600000000	-11032.2000000000
-11838.3600000000	403.5600000000	-11072.8400000000
55.0000000000	16098.4800000000	-672.4800000000
-714.8000000000	16080.1200000000	-634.6800000000
-1372.8400000000	16035.2400000000	-636.1600000000
-2315.6400000000	15928.2400000000	-558.6800000000
-4403.5200000000	15482.8000000000	-528.6000000000
-6273.7200000000	14836.6400000000	-370.5600000000
-8021.8000000000	13982.3600000000	-310.4400000000
-9437.2800000000	13089.6400000000	-194.9200000000
-10546.0400000000	12234.0400000000	-112.4000000000
-11584.5600000000	11282.4000000000	-117.3200000000
-12495.1200000000	10289.2000000000	-46.1200000000
-13402.8800000000	9109.8000000000	3.7600000000
-14051.8400000000	8110.3200000000	49.6000000000
-14665.5600000000	6981.9600000000	117.8400000000
-15064.2000000000	6111.6800000000	158.4800000000
-15475.4400000000	5034.9600000000	215.6800000000
-15772.0000000000	4070.8000000000	269.8800000000
-15981.6400000000	3218.5200000000	307.4000000000
-16172.6400000000	2180.3200000000	362.8400000000
-16322.1200000000	735.4400000000	451.6800000000
487.6000000000	16101.2400000000	-524.8000000000
-28.2400000000	16120.1600000000	19.5200000000
-468.9200000000	16107.0000000000	480.5600000000
-1101.6400000000	16044.2000000000	1190.7200000000
-2373.4400000000	15730.0000000000	2697.3600000000
-3795.4800000000	15150.1600000000	4103.3600000000
-4971.3600000000	14391.9200000000	5425.1200000000
-5974.1600000000	13553.7600000000	6509.0800000000
-6788.2800000000	12729.6800000000	7360.1600000000
-7468.6800000000	11874.9600000000	8132.3200000000
-8071.6000000000	10954.6800000000	8846.6800000000
-8785.8800000000	9796.7600000000	9540.4400000000
-9234.8400000000	8845.4800000000	10060.2000000000
-9678.2400000000	7754.9600000000	10560.8000000000
-9988.8000000000	6892.6800000000	10894.8800000000
-10277.2800000000	5870.2000000000	11242.2400000000
-10522.6400000000	4902.2800000000	11500.2400000000
-10693.1200000000	4074.4800000000	11684.6000000000
-10464.5200000000	3031.2000000000	12225.0800000000
-10592.0000000000	1560.7600000000	12420.5600000000
479.7600000000	16109.4800000000	-389.2400000000
464.4000000000	16116.9600000000	372.6800000000
460.8400000000	16095.7600000000	1015.0800000000
448.2400000000	16016.8800000000	1992.7200000000
508.3600000000	15653.4000000000	4001.4000000000
457.5200000000	15051.9600000000	5947.2400000000
367.9600000000	14271.2800000000	7683.6400000000
364.9600000000	13423.0800000000	9124.0000000000
365.8800000000	12579.8000000000	10287.6400000000
263.0000000000	11697.3200000000	11311.2800000000
309.3600000000	10743.1600000000	12245.4800000000
234.4000000000	9611.8000000000	13179.6400000000
186.0000000000	8635.9200000000	13863.1200000000
161.3200000000	7531.9600000000	14516.5200000000
175.4000000000	6675.7600000000	14945.0000000000
99.2800000000	5616.3600000000	15395.6800000000
69.0400000000	4674.0800000000	15724.6000000000
44.4800000000	3837.8800000000	15964.2800000000
27.1600000000	2837.7600000000	16193.8800000000
1.4000000000	1365.5600000000	16407.4400000000
434.2800000000	16115.9600000000	-350.8000000000
1007.8000000000	16103.8800000000	209.0400000000
1442.3600000000	16066.2000000000	667.4000000000
2180.8400000000	15956.3200000000	1328.9600000000
3707.0400000000	15515.9200000000	2740.4400000000
4989.2400000000	14864.4400000000	4139.3600000000
6280.2000000000	14019.8800000000	5290.2400000000
7272.0000000000	13130.9200000000	6306.6800000000
8084.8400000000	12249.9200000000	7111.5200000000
8766.1600000000	11336.2800000000	7847.5200000000
9381.8800000000	10351.6400000000	8515.7600000000
10011.8800000000	9194.4400000000	9158.6400000000
10414.0800000000	8203.7600000000	9674.8000000000
10817.3600000000	7075.2000000000	10156.3200000000
11066.4400000000	6214.1200000000	10477.4400000000
11336.8800000000	5141.9600000000	10799.5200000000
11510.1600000000	4196.2800000000	11050.0000000000
11628.2400000000	3352.9600000000	11228.0800000000
11745.7200000000	2333.0000000000	11396.6000000000
11831.4400000000	869.7200000000	11546.9600000000
-23.2400000000	-16579.9600000000	-258.8000000000
-845.0400000000	-16554.2000000000	-225.8400000000
-1474.5200000000	-16504.8000000000	-214.8800000000
-2444.0000000000	-16383.8400000000	-139.7600000000
-4443.2400000000	-15945.8400000000	-91.8800000000
-6456.0400000000	-15228.1600000000	-115.9600000000
-8175.0000000000	-14360.8400000000	-137.6400000000
-9623.0000000000	-13416.5200000000	-137.0400000000
-10715.2800000000	-12550.2000000000	-91.1600000000
-11702.1200000000	-11619.4800000000	-66.1600000000
-12606.2400000000	-10612.4400000000	-92.8400000000
-13501.1200000000	-9426.2400000000	-57.8800000000
-14135.6000000000	-8426.0400000000	-44.3600000000
-14735.1200000000	-7293.4000000000	34.0800000000
-15123.4400000000	-6423.3600000000	56.0000000000
-15533.7600000000	-5315.8400000000	97.7200000000
-15819.7600000000	-4357.0800000000	132.7600000000
-16010.4000000000	-3534.3200000000	162.8800000000
-16193.0800000000	-2493.2000000000	194.2800000000
-16329.9600000000	-1040.3200000000	222.6000000000
-54.3600000000	-16578.4800000000	-210.2400000000
-639.5200000000	-16535.6800000000	-830.1200000000
-1060.7600000000	-16480.0800000000	-1271.9600000000
-1768.2400000000	-16336.3600000000	-1976.1600000000
-3259.1600000000	-15829.0800000000	-3427.8800000000
-4568.6000000000	-15122.2800000000	-4745.6800000000
-5705.1600000000	-14230.1200000000	-6012.0000000000
-6632.3600000000	-13280.4400000000	-7060.2400000000
-7362.8400000000	-12372.1600000000	-7888.2000000000
-8180.8400000000	-11441.8800000000	-8430.7200000000
-8792.6800000000	-10443.6000000000	-9046.3600000000
-9343.7200000000	-9256.6800000000	-9718.6800000000
-9824.7600000000	-8236.2800000000	-10121.9600000000
-10231.2800000000	-7107.0000000000	-10536.4800000000
-10506.8800000000	-6240.0000000000	-10788.4800000000
-10792.7200000000	-5149.0000000000	-11052.7600000000
-11007.9600000000	-4186.5200000000	-11226.1200000000
-11145.7200000000	-3371.4400000000	-11346.6400000000
-11274.4800000000	-2339.8000000000	-11456.8800000000
-11363.3600000000	-874.8800000000	-11546.4400000000
-23.5600000000	-16580.3200000000	-228.8000000000
-28.5200000000	-16538.2000000000	-1063.5200000000
-7.3200000000	-16333.6400000000	-2691.6400000000
-21.8400000000	-16476.2000000000	-1700.2400000000
23.7200000000	-15826.5600000000	-4743.0400000000
29.0000000000	-15096.2000000000	-6633.6800000000
101.0000000000	-14212.4000000000	-8298.9600000000
140.8800000000	-13279.8000000000	-9668.9200000000
153.7600000000	-12370.9200000000	-10763.5200000000
110.0000000000	-11424.4800000000	-11731.2400000000
203.8400000000	-10433.6000000000	-12586.5200000000
253.3600000000	-9259.4000000000	-13438.7600000000
198.8800000000	-8228.2800000000	-14066.2000000000
217.4400000000	-7110.2000000000	-14636.8400000000
220.2800000000	-6241.0400000000	-15009.9200000000
221.4800000000	-5154.8800000000	-15395.7600000000
216.0400000000	-4191.5200000000	-15665.3600000000
204.5600000000	-3334.5600000000	-15857.3200000000
219.8400000000	-2323.6800000000	-16019.6000000000
241.0400000000	-874.8400000000	-16143.0400000000
271.8800000000	-16577.8800000000	-327.7200000000
854.8000000000	-16533.2800000000	-918.6800000000
1320.5200000000	-16467.6400000000	-1351.1600000000
2032.3600000000	-16324.9200000000	-2013.9200000000
3659.2400000000	-15827.1600000000	-3243.8000000000
4884.2800000000	-15078.9200000000	-4747.8000000000
6062.6400000000	-14150.1600000000	-6010.2000000000
7118.7200000000	-13226.2400000000	-6861.6000000000
7929.4800000000	-12312.2800000000	-7593.7600000000
8611.4800000000	-11354.5200000000	-8282.2000000000
9286.7600000000	-10365.8400000000	-8805.6400000000
9927.4000000000	-9193.0000000000	-9366.1200000000
10359.9200000000	-8163.2400000000	-9808.7200000000
10769.2400000000	-6997.1200000000	-10229.3600000000
11049.6400000000	-6123.6000000000	-10468.4400000000
11338.5600000000	-5043.1200000000	-10712.1600000000
11529.1200000000	-4084.4400000000	-10892.0000000000
11655.4400000000	-3231.9200000000	-11024.2400000000
11782.9600000000	-2194.2000000000	-11125.6800000000
11883.3600000000	-741.2000000000	-11180.7600000000
199.9600000000	-16574.2400000000	-448.0000000000
985.4400000000	-16552.9600000000	-420.6800000000
1661.8800000000	-16500.0400000000	-410.2800000000
2601.8800000000	-16386.6800000000	-337.1600000000
4645.9600000000	-15940.0000000000	-202.0800000000
6646.4400000000	-15222.9200000000	-280.6800000000
8350.9600000000	-14362.2800000000	-175.6400000000
9730.1200000000	-13476.9200000000	-53.4000000000
10872.8800000000	-12574.1600000000	-58.6000000000
11860.5200000000	-11645.2400000000	-3.1600000000
12747.2000000000	-10670.1200000000	70.1200000000
13656.1600000000	-9467.0400000000	91.4400000000
14294.1200000000	-8465.0400000000	132.7200000000
14901.0000000000	-7325.7600000000	209.8000000000
15283.1600000000	-6473.4000000000	225.6800000000
15695.3200000000	-5369.6400000000	259.2800000000
15981.5200000000	-4403.8000000000	306.2800000000
16183.7600000000	-3546.3200000000	328.0400000000
16360.9600000000	-2530.2000000000	357.8400000000
16501.1600000000	-1034.4000000000	436.2800000000
-112.6400000000	-16581.3200000000	-256.8000000000
438.4800000000	-16583.5200000000	342.8400000000
868.3200000000	-16557.1600000000	820.0000000000
1545.2400000000	-16465.3600000000	1540.7200000000
2961.1200000000	-16062.9200000000	3120.8800000000
4395.7200000000	-15424.1600000000	4449.4000000000
5524.6800000000	-14628.0400000000	5739.3600000000
6395.7200000000	-13779.3200000000	6842.2000000000
7189.8000000000	-12932.5600000000	7662.8000000000
7851.5200000000	-12055.4800000000	8415.3200000000
8436.2400000000	-11116.7600000000	9109.3600000000
9088.0000000000	-9967.0400000000	9780.7200000000
9551.8000000000	-8979.4000000000	10274.1200000000
9959.2800000000	-7886.7200000000	10761.5600000000
10237.7200000000	-7043.4000000000	11070.6000000000
10543.1600000000	-5956.2000000000	11405.0400000000
10752.4400000000	-5014.4800000000	11644.5200000000
10915.2800000000	-4164.4800000000	11813.4000000000
11057.7600000000	-3156.6800000000	11977.3200000000
11168.2000000000	-1715.3600000000	12140.7200000000
-274.3600000000	-16564.8800000000	-103.2400000000
-195.3200000000	-16579.1200000000	672.6400000000
-207.8800000000	-16544.7600000000	1306.2000000000
-195.8400000000	-16447.8000000000	2278.9200000000
-144.2400000000	-16054.4000000000	4302.7200000000
-167.5600000000	-15417.3600000000	6233.9600000000
-166.0400000000	-14595.7600000000	7976.8400000000
-247.1600000000	-13725.8000000000	9388.0000000000
-231.3200000000	-12871.4400000000	10528.1600000000
-102.6000000000	-11970.6800000000	11539.8800000000
-94.2400000000	-10998.4400000000	12461.4800000000
-118.5200000000	-9852.7600000000	13370.5600000000
-114.4000000000	-8873.1200000000	14029.5600000000
-44.9200000000	-7750.5600000000	14665.7600000000
-26.1600000000	-6892.5600000000	15073.6800000000
11.6000000000	-5813.4400000000	15510.4000000000
13.8800000000	-4859.7200000000	15824.1200000000
46.5200000000	-4029.0000000000	16042.2400000000
55.6400000000	-3008.4400000000	16252.8000000000
70.5600000000	-1557.6800000000	16437.6400000000
-247.2000000000	-16544.3200000000	-231.6400000000
-828.6800000000	-16561.3600000000	351.4400000000
-1971.4800000000	-16400.5600000000	1523.6800000000
-1284.6800000000	-16520.2000000000	796.9200000000
-841.0800000000	-16559.4000000000	350.4000000000
-3374.4800000000	-15959.5200000000	3042.1200000000
-4724.0400000000	-15286.8400000000	4386.5200000000
-5899.5200000000	-14435.9600000000	5652.6400000000
-6914.9600000000	-13528.3200000000	6642.9600000000
-7658.7600000000	-12655.4400000000	7483.6400000000
-8297.7200000000	-11745.3200000000	8228.0800000000
-8930.4400000000	-10752.2800000000	8881.1600000000
-9507.8800000000	-9595.2400000000	9565.5200000000
-9968.3600000000	-8588.1200000000	10021.1200000000
-10372.6800000000	-7465.9200000000	10475.5200000000
-10613.0800000000	-6601.7200000000	10794.6000000000
-10877.6400000000	-5526.5600000000	11109.0000000000
-11036.2000000000	-4585.1200000000	11362.9600000000
-11151.6000000000	-3750.8800000000	11540.4800000000
-11259.9200000000	-2734.2400000000	11695.1600000000
-11343.8800000000	-1281.8400000000	11836.0400000000
16200.1600000000	-618.7200000000	-61.1600000000
16476.7200000000	-1458.9600000000	-87.2000000000
16418.5200000000	-2074.4400000000	-76.9600000000
16281.0400000000	-3040.3600000000	-23.2400000000
15817.5600000000	-4983.0000000000	27.0000000000
15068.0000000000	-6971.6000000000	19.5600000000
14152.2800000000	-8703.4400000000	-15.9200000000
13196.6000000000	-10102.6000000000	-29.6400000000
12257.9200000000	-11228.6000000000	-48.0800000000
11292.9200000000	-12200.6800000000	-38.7600000000
10243.4000000000	-13093.4400000000	-56.2800000000
9037.3200000000	-13954.2000000000	-35.9200000000
7993.8800000000	-14573.4800000000	-27.3600000000
6829.4400000000	-15149.9200000000	-20.2400000000
5942.7200000000	-15517.4000000000	2.2000000000
4822.5200000000	-15896.4400000000	15.8400000000
3858.2400000000	-16154.2000000000	42.5200000000
3045.3200000000	-16322.1200000000	69.5200000000
1980.7200000000	-16479.7200000000	83.4000000000
502.2400000000	-16584.2000000000	95.8800000000
16519.9600000000	-613.6400000000	145.9200000000
16478.4800000000	-1260.2400000000	-488.1600000000
16415.4000000000	-1743.4800000000	-936.9600000000
16265.8800000000	-2485.4400000000	-1641.4000000000
15754.2400000000	-3944.7200000000	-3090.6800000000
15017.9200000000	-5335.8400000000	-4379.9200000000
14103.1200000000	-6505.1600000000	-5622.0000000000
13145.0800000000	-7479.2800000000	-6606.7200000000
12222.2400000000	-8190.8000000000	-7449.0000000000
11273.5200000000	-8868.6000000000	-8120.0000000000
10246.6400000000	-9457.3200000000	-8767.4000000000
9054.2400000000	-10093.5200000000	-9321.9200000000
8015.2400000000	-10507.6000000000	-9780.2000000000
6857.9600000000	-10915.4000000000	-10190.6400000000
5978.3600000000	-11132.8400000000	-10489.9600000000
4868.4000000000	-11388.0800000000	-10769.6800000000
3875.8800000000	-11560.5600000000	-10974.6400000000
3057.7200000000	-11689.3600000000	-11088.1200000000
2027.9200000000	-11779.4400000000	-11217.5600000000
547.0400000000	-11822.2000000000	-11328.4400000000
16503.0800000000	-618.3200000000	-68.8800000000
16485.1200000000	-610.7200000000	-897.8800000000
16427.2000000000	-639.7200000000	-1554.9600000000
16294.3600000000	-568.4800000000	-2526.8800000000
15793.9200000000	-613.5200000000	-4622.0400000000
15107.5200000000	-520.6000000000	-6450.5600000000
14212.1600000000	-448.4800000000	-8168.5600000000
13282.1600000000	-341.9200000000	-9548.7200000000
12404.4000000000	-234.9200000000	-10634.9600000000
11455.0400000000	-295.1600000000	-11614.2400000000
10437.4000000000	-235.6400000000	-12507.2800000000
9265.3600000000	-190.7600000000	-13364.4400000000
8257.2800000000	-218.8000000000	-13988.2000000000
7106.0000000000	-174.8800000000	-14581.4000000000
6245.0000000000	-137.7600000000	-14960.0000000000
5158.6800000000	-116.3200000000	-15352.1600000000
4205.0800000000	-75.4400000000	-15624.3600000000
3357.8000000000	-58.8400000000	-15819.2800000000
2347.0800000000	-36.7200000000	-15993.8000000000
898.2400000000	6.2400000000	-16130.6000000000
16519.1200000000	-212.0000000000	-208.8800000000
16482.7200000000	388.4800000000	-808.5200000000
16423.2400000000	841.8800000000	-1285.4400000000
16284.4400000000	1586.0400000000	-1929.6400000000
15757.4000000000	3065.5600000000	-3473.2000000000
15030.0000000000	4457.5600000000	-4765.1200000000
14163.4000000000	5781.6000000000	-5754.6800000000
13227.3200000000	6828.1600000000	-6658.4000000000
12341.1600000000	7653.6000000000	-7350.7200000000
11378.2400000000	8331.0000000000	-8075.9200000000
10357.6800000000	9004.4800000000	-8640.2400000000
9159.8800000000	9621.8800000000	-9254.1200000000
8110.6800000000	10053.0000000000	-9719.0400000000
6955.0400000000	10490.5600000000	-10105.4800000000
6104.4000000000	10778.8800000000	-10331.2000000000
4994.7600000000	11063.4800000000	-10595.4000000000
4023.1600000000	11283.0800000000	-10758.6400000000
3174.6400000000	11410.8800000000	-10894.0400000000
2140.6400000000	11535.4400000000	-10994.6400000000
665.0000000000	11648.8000000000	-11046.6000000000
16522.9200000000	-350.8400000000	137.2000000000
16508.9200000000	436.0000000000	157.2400000000
16468.9600000000	1086.4800000000	121.4800000000
16366.8400000000	2023.7200000000	168.0000000000
15934.6000000000	4107.6000000000	238.7200000000
15262.0800000000	6050.9600000000	179.1600000000
14421.1600000000	7768.8000000000	174.7200000000
13532.3600000000	9170.4400000000	178.5200000000
12620.0800000000	10341.4800000000	117.4400000000
11679.1200000000	11357.4000000000	88.8800000000
10684.8400000000	12261.9200000000	111.3200000000
9500.8000000000	13165.7600000000	121.9600000000
8497.3600000000	13811.5200000000	126.3200000000
7289.9200000000	14459.5600000000	83.1600000000
6467.6800000000	14830.4000000000	60.4400000000
5353.3600000000	15252.5200000000	102.6800000000
4380.6400000000	15546.6800000000	73.5600000000
3512.0800000000	15753.4000000000	64.3200000000
2467.8000000000	15941.4000000000	71.0400000000
1004.1200000000	16088.2800000000	90.6400000000
16518.4800000000	-26.4000000000	33.7600000000
16496.6800000000	508.0000000000	647.6800000000
16449.7200000000	942.4800000000	1125.2400000000
16330.8400000000	1575.8800000000	1862.8800000000
15849.3600000000	3066.2800000000	3408.1600000000
15159.0800000000	4318.0400000000	4820.2800000000
14315.8800000000	5377.8000000000	6116.0800000000
13410.2400000000	6253.6400000000	7194.8800000000
12544.8800000000	6954.2400000000	8035.4400000000
11610.4000000000	7627.3200000000	8759.5200000000
10619.4400000000	8205.2400000000	9442.6400000000
9450.0800000000	8774.2400000000	10114.8800000000
8433.3600000000	9218.3200000000	10584.3600000000
7260.4000000000	9629.2400000000	11054.5600000000
6402.2400000000	9878.2800000000	11350.7200000000
5323.7200000000	10132.1200000000	11661.7600000000
4347.8800000000	10326.5600000000	11880.9200000000
3512.0800000000	10461.7600000000	12027.4800000000
2473.2400000000	10569.9200000000	12178.6800000000
1003.6400000000	10634.4400000000	12309.8800000000
16368.2000000000	-167.8800000000	61.9600000000
16505.6400000000	-137.6000000000	886.1600000000
16463.7600000000	-92.7600000000	1535.4400000000
16353.6800000000	-64.0800000000	2505.8400000000
15902.8800000000	-62.4400000000	4615.0800000000
15240.5200000000	-166.0400000000	6503.1200000000
14402.8400000000	-56.8800000000	8195.5200000000
13500.0800000000	-143.7200000000	9607.2400000000
12632.6800000000	-92.6000000000	10717.8000000000
11715.0000000000	-22.3200000000	11710.4400000000
10715.8000000000	35.2000000000	12617.9600000000
9547.2400000000	28.5600000000	13519.8000000000
8543.9600000000	50.2800000000	14164.5600000000
7415.0800000000	37.4000000000	14779.8000000000
6542.1200000000	64.2000000000	15181.8400000000
5467.7200000000	72.2800000000	15592.1200000000
4533.0000000000	68.7200000000	15880.7200000000
3702.6000000000	58.7600000000	16088.8000000000
2682.6000000000	55.1200000000	16286.0800000000
1263.1600000000	15.7600000000	16447.6000000000
16518.2000000000	-615.6000000000	198.2400000000
16482.8000000000	-1126.2000000000	829.6400000000
16433.0800000000	-1500.3200000000	1310.2800000000
16307.4800000000	-2068.4800000000	2085.3600000000
15822.1200000000	-3349.2000000000	3728.1200000000
15147.6000000000	-4440.5600000000	5193.8800000000
14239.1600000000	-5601.2800000000	6525.5200000000
13296.6800000000	-6502.5200000000	7612.2800000000
12407.6400000000	-7199.6000000000	8458.0000000000
11458.3600000000	-7839.8800000000	9202.4400000000
10428.4800000000	-8404.0400000000	9904.8800000000
9235.4000000000	-8960.0400000000	10580.9200000000
8213.9200000000	-9339.2400000000	11081.0000000000
7061.7600000000	-9692.1600000000	11559.7200000000
6193.8400000000	-9913.4000000000	11860.8800000000
5101.4000000000	-10137.4800000000	12182.4000000000
4122.7600000000	-10293.5600000000	12414.4400000000
3293.4800000000	-10383.3600000000	12576.8800000000
2254.5600000000	-10480.3600000000	12718.6000000000
785.7600000000	-10540.4000000000	12832.8000000000
-16325.4000000000	-238.4000000000	-534.5200000000
-16283.2000000000	-256.3200000000	-1367.7200000000
-16214.4800000000	-267.0800000000	-1990.7600000000
-16050.5600000000	-299.6400000000	-2990.5600000000
-15497.8000000000	-245.6000000000	-5054.3600000000
-14742.5200000000	-392.4400000000	-6909.0000000000
-13822.2000000000	-422.2000000000	-8558.4000000000
-12858.7600000000	-476.2400000000	-9917.4000000000
-11925.4000000000	-494.2800000000	-11000.2000000000
-10959.5200000000	-500.7200000000	-11933.6800000000
-9934.4400000000	-540.4400000000	-12786.2800000000
-8734.5600000000	-546.3600000000	-13617.1200000000
-7689.8400000000	-522.4400000000	-14220.7600000000
-6533.8800000000	-518.0400000000	-14777.8800000000
-5664.8400000000	-517.1200000000	-15128.8400000000
-4561.1600000000	-513.4400000000	-15490.5600000000
-3589.5600000000	-516.4800000000	-15741.8000000000
-2774.0000000000	-516.7200000000	-15908.8800000000
-1739.9200000000	-516.7200000000	-16053.3600000000
-284.8800000000	-532.6000000000	-16148.9600000000
-16186.9200000000	-748.5600000000	-461.6800000000
-16273.8800000000	-1371.3600000000	-1047.3200000000
-16029.4800000000	-2573.6000000000	-2122.4000000000
-16194.6800000000	-1832.3600000000	-1505.1600000000
-15449.1600000000	-4127.6000000000	-3533.9200000000
-14682.1600000000	-5547.7200000000	-4685.0800000000
-13722.2400000000	-6784.9200000000	-5829.0800000000
-12754.2400000000	-7793.0800000000	-6702.7200000000
-11826.3200000000	-8594.3600000000	-7389.8400000000
-10822.9600000000	-9264.6400000000	-8081.1200000000
-9783.4000000000	-9903.8000000000	-8634.4400000000
-8546.1200000000	-10497.6000000000	-9223.0000000000
-7499.2800000000	-10934.5600000000	-9616.7200000000
-6344.6400000000	-11345.7200000000	-9970.2800000000
-5441.3600000000	-11595.2400000000	-10212.4400000000
-4332.9600000000	-11876.3600000000	-10422.1600000000
-3358.8800000000	-12042.5600000000	-10590.9200000000
-2503.2800000000	-12143.2400000000	-10715.9200000000
-1454.0800000000	-12246.8800000000	-10797.9200000000
19.5600000000	-12308.6400000000	-10836.2000000000
-16259.1200000000	-910.3600000000	-532.4400000000
-16278.1600000000	-1717.4000000000	-501.5200000000
-16204.3200000000	-2372.6800000000	-488.7600000000
-16052.4000000000	-3314.6800000000	-418.0000000000
-15533.6800000000	-5322.8000000000	-312.9600000000
-14762.8000000000	-7246.8400000000	-221.9200000000
-13806.9200000000	-8975.1200000000	-187.4400000000
-12843.0800000000	-10335.1600000000	-99.8800000000
-11922.6400000000	-11407.0000000000	-35.0800000000
-10919.5200000000	-12378.8800000000	12.0000000000
-9884.4400000000	-13235.7600000000	81.0000000000
-8672.5200000000	-14075.7600000000	157.6000000000
-7627.9200000000	-14678.9600000000	221.7600000000
-6440.9600000000	-15246.6800000000	265.0800000000
-5566.6800000000	-15591.6000000000	314.1600000000
-4384.6400000000	-15974.3600000000	330.5200000000
-3398.6800000000	-16217.4000000000	375.9600000000
-2520.3600000000	-16381.6400000000	409.3600000000
-1488.7600000000	-16512.4800000000	463.0000000000
24.9200000000	-16588.1600000000	543.7600000000
-16340.8400000000	-637.5600000000	-518.9200000000
-16330.8400000000	-1194.8400000000	58.7600000000
-16293.6000000000	-1633.6000000000	510.7600000000
-16193.9200000000	-2290.6400000000	1217.3600000000
-15757.3200000000	-3760.6000000000	2747.0400000000
-15104.1200000000	-5015.7600000000	4186.0400000000
-14271.6800000000	-6189.3600000000	5438.2800000000
-13388.8000000000	-7113.8000000000	6515.4000000000
-12521.6800000000	-7865.7600000000	7354.6000000000
-11596.1600000000	-8551.7600000000	8102.1600000000
-10626.2800000000	-9125.4000000000	8802.5200000000
-9426.6000000000	-9741.7600000000	9500.7600000000
-8445.4800000000	-10114.8400000000	10035.4400000000
-7333.2000000000	-10498.6000000000	10519.2000000000
-6462.2400000000	-10754.0000000000	10841.5600000000
-5359.5600000000	-11025.2800000000	11181.4800000000
-4393.4800000000	-11206.6400000000	11430.4400000000
-3532.4400000000	-11340.4400000000	11604.0400000000
-2503.6400000000	-11428.3200000000	11797.4800000000
-1033.2800000000	-11472.6000000000	11986.5200000000
-15684.7600000000	-403.4400000000	558.4800000000
-16315.3200000000	-440.0000000000	1315.4000000000
-16126.9200000000	-437.7200000000	2880.2000000000
-16264.4800000000	-473.4800000000	1878.1600000000
-15642.5600000000	-442.6800000000	4900.9600000000
-14927.3600000000	-390.1600000000	6792.4400000000
-14054.7600000000	-302.9200000000	8473.5200000000
-13132.5600000000	-205.9600000000	9859.0400000000
-12249.8000000000	-274.1600000000	10945.4000000000
-11313.0000000000	-310.7200000000	11916.7600000000
-10301.7600000000	-225.3600000000	12807.2400000000
-9120.9600000000	-239.8400000000	13682.3600000000
-8124.6400000000	-207.2400000000	14295.8800000000
-6952.0800000000	-199.6800000000	14905.6000000000
-6079.9600000000	-198.6800000000	15285.6400000000
-4979.2800000000	-204.2000000000	15685.3200000000
-4027.2800000000	-173.4800000000	15961.3200000000
-3191.5200000000	-182.6800000000	16156.3600000000
-2212.3600000000	-171.4000000000	16323.2800000000
-745.5600000000	-127.6000000000	16465.3200000000
-16346.8400000000	-531.0000000000	652.6000000000
-16321.0400000000	-4.6400000000	1231.9200000000
-16274.1200000000	406.7600000000	1687.0800000000
-16147.0000000000	989.6400000000	2442.5200000000
-15685.9600000000	2355.5200000000	3974.3200000000
-14981.1600000000	3555.8000000000	5472.4000000000
-14114.8800000000	4710.3200000000	6723.4400000000
-13166.5600000000	5754.6800000000	7725.5200000000
-12317.6000000000	6345.2000000000	8612.1200000000
-11399.8000000000	6932.8800000000	9376.5200000000
-10356.2400000000	7705.8000000000	9948.0400000000
-9196.9200000000	8221.9600000000	10642.2000000000
-8185.2000000000	8663.9600000000	11101.4000000000
-7017.4000000000	9103.9200000000	11534.2800000000
-6158.1200000000	9345.4800000000	11827.6400000000
-5062.2400000000	9631.5600000000	12115.3200000000
-4123.1200000000	9806.4800000000	12330.2000000000
-3347.9600000000	9921.2800000000	12473.3200000000
-2258.5600000000	10072.6000000000	12598.6800000000
-785.9600000000	10197.8800000000	12687.6000000000
-16037.2800000000	191.9200000000	379.9600000000
-16320.2400000000	894.6800000000	375.0400000000
-16266.8400000000	1507.1600000000	331.1200000000
-16139.9600000000	2438.1200000000	366.8000000000
-15655.8000000000	4495.2000000000	358.8400000000
-14902.4800000000	6496.5600000000	166.4800000000
-14059.2800000000	8107.0400000000	268.9200000000
-13084.0400000000	9557.0800000000	180.1200000000
-12142.6400000000	10698.5600000000	113.6000000000
-11205.0000000000	11653.5600000000	110.0800000000
-10126.4400000000	12579.8400000000	18.3600000000
-8934.5200000000	13435.1200000000	7.0000000000
-7873.0400000000	14074.2400000000	-36.2400000000
-8005.5600000000	13999.7600000000	-26.4800000000
-6805.4000000000	14610.1200000000	-52.4800000000
-5910.4800000000	14989.4000000000	-86.8400000000
-4808.0000000000	15374.3600000000	-85.2000000000
-3810.8000000000	15648.3600000000	-89.1600000000
-2981.3200000000	15827.5600000000	-72.4000000000
-1918.8400000000	15990.3600000000	-88.1200000000
-441.8000000000	16104.5600000000	-98.2400000000
-8891.2400000000	13462.9600000000	-80.3200000000
-10132.4400000000	12576.8800000000	-22.7200000000
-11193.4800000000	11664.0400000000	-13.6800000000
-12148.8800000000	10692.1600000000	-17.1600000000
-13083.2000000000	9563.2000000000	55.9600000000
-14031.0400000000	8151.8400000000	48.8800000000
-14944.8400000000	6397.6000000000	93.2800000000
-15673.3200000000	4437.4400000000	147.8800000000
-16158.4000000000	2324.1600000000	215.6400000000
-16283.9600000000	1344.7600000000	130.5200000000
-16333.4000000000	684.4000000000	127.4000000000
-16360.5600000000	-125.7600000000	105.2400000000
-16355.4400000000	-185.1600000000	396.5200000000
-16341.0400000000	395.2000000000	-185.8800000000
-16301.8800000000	838.1600000000	-694.8400000000
-16191.0800000000	1534.7200000000	-1364.2800000000
-15745.4800000000	2969.5600000000	-2899.4400000000
-15067.2400000000	4253.7200000000	-4346.5600000000
-14232.0800000000	5394.9200000000	-5591.6800000000
-13320.4800000000	6311.1200000000	-6692.0000000000
-12462.0400000000	7118.4400000000	-7443.9600000000
-11543.3600000000	7795.3200000000	-8169.3600000000
-10545.5600000000	8419.5600000000	-8830.9200000000
-9388.3600000000	9043.5600000000	-9462.9200000000
-8399.0800000000	9481.7600000000	-9931.5600000000
-7260.1600000000	9874.6800000000	-10413.7600000000
-6394.6800000000	10136.6000000000	-10712.6800000000
-5321.9600000000	10412.1600000000	-11018.2800000000
-4361.2000000000	10641.8000000000	-11210.1200000000
-3526.3200000000	10768.4000000000	-11380.4800000000
-2500.4000000000	10895.5600000000	-11528.5200000000
-1050.6800000000	10971.9200000000	-11679.6800000000
-9420.4800000000	-10060.6400000000	-8849.5600000000
-10652.3200000000	-9396.4000000000	-8159.8800000000
-12344.8400000000	-8177.0400000000	-7012.2400000000
-13818.4800000000	-6746.6400000000	-5658.2000000000
-15525.9600000000	-4170.2400000000	-3153.0400000000
-7763.0800000000	-10809.1200000000	-9548.5600000000
-6452.0000000000	-11222.8400000000	-10032.0800000000
-6123.6000000000	10694.8800000000	10601.8400000000
-7610.2800000000	10119.4800000000	10201.9200000000
-9161.2000000000	9462.7200000000	9546.4800000000
-10449.0800000000	8749.3600000000	8893.2800000000
-12170.6400000000	7498.7200000000	7809.1600000000
-13658.5600000000	6087.7200000000	6504.4000000000
-15445.5200000000	3449.4400000000	4053.0000000000
-8883.1200000000	-9720.6400000000	10036.1200000000
-7887.4800000000	-10045.2000000000	10550.0800000000
-6755.0000000000	-10457.9600000000	10946.4800000000
-5889.8000000000	-10674.9600000000	11242.4800000000
-16356.0000000000	-488.8800000000	466.7600000000
-16298.7200000000	-138.5600000000	1554.2800000000
-16312.4800000000	-1385.4400000000	672.6400000000
-16346.7600000000	427.9600000000	248.1200000000
-16339.8400000000	-520.8800000000	-599.6800000000
