-0.01226806640625	-0.00677490234375	1.00811767578125
-0.06195068359375	-0.005126953125	1.005615234375
-0.14654541015625	-0.00323486328125	0.99615478515625
-0.23175048828125	-0.001220703125	0.9794921875
-0.31060791015625	0.0006103515625	0.95660400390625
-0.3927001953125	0.00213623046875	0.92529296875
-0.469970703125	0.00341796875	0.8880615234375
-0.542236328125	0.0042724609375	0.84527587890625
-0.61328125	0.0048828125	0.79443359375
-0.678466796875	0.005615234375	0.73907470703125
-0.7340087890625	0.0045166015625	0.6834716796875
-0.79034423828125	0.0052490234375	0.61651611328125
-0.84271240234375	0.00537109375	0.542236328125
-0.88385009765625	0.005126953125	0.47064208984375
-0.91937255859375	0.0045166015625	0.39605712890625
-0.94989013671875	0.00360107421875	0.313232421875
-0.97198486328125	0.0025634765625	0.2335205078125
-0.98736572265625	0.00115966796875	0.15216064453125
-0.99615478515625	-0.00018310546875	0.06494140625
-0.9971923828125	-0.001953125	-0.01727294921875
-0.9913330078125	-0.0037841796875	-0.101318359375
-0.97760009765625	-0.00555419921875	-0.18890380859375
-0.95745849609375	-0.007568359375	-0.2689208984375
-0.9307861328125	-0.00970458984375	-0.34747314453125
-0.8946533203125	-0.01214599609375	-0.42901611328125
-0.8551025390625	-0.01434326171875	-0.501220703125
-0.80902099609375	-0.0167236328125	-0.570556640625
-0.75390625	-0.019287109375	-0.64019775390625
-0.6923828125	-0.02197265625	-0.70440673828125
-0.62738037109375	-0.0247802734375	-0.76153564453125
-0.55474853515625	-0.02740478515625	-0.81494140625
-0.481689453125	-0.02996826171875	-0.85919189453125
-0.4029541015625	-0.0323486328125	-0.89813232421875
-0.32147216796875	-0.03485107421875	-0.9298095703125
-0.23974609375	-0.0372314453125	-0.9537353515625
-0.1561279296875	-0.03948974609375	-0.9708251953125
-0.0638427734375	-0.0421142578125	-0.9813232421875
0.02386474609375	-0.04400634765625	-0.98345947265625
0.10546875	-0.04608154296875	-0.97894287109375
0.19537353515625	-0.0477294921875	-0.9652099609375
0.28143310546875	-0.04937744140625	-0.945068359375
0.357666015625	-0.051025390625	-0.919921875
0.4398193359375	-0.052001953125	-0.88531494140625
0.514892578125	-0.05291748046875	-0.84539794921875
0.5858154296875	-0.0537109375	-0.7998046875
0.65924072265625	-0.05438232421875	-0.7427978515625
0.72259521484375	-0.054443359375	-0.68365478515625
0.77630615234375	-0.05487060546875	-0.62469482421875
0.8316650390625	-0.05426025390625	-0.55218505859375
0.87774658203125	-0.053955078125	-0.47943115234375
0.91412353515625	-0.05364990234375	-0.40869140625
0.9476318359375	-0.052978515625	-0.3289794921875
0.9747314453125	-0.05181884765625	-0.24420166015625
0.9935302734375	-0.05078125	-0.16033935546875
1.00531005859375	-0.04888916015625	-0.06927490234375
1.0089111328125	-0.047119140625	0.01495361328125
1.00469970703125	-0.04522705078125	0.10028076171875
0.99346923828125	-0.0430908203125	0.18707275390625
0.97454833984375	-0.04071044921875	0.270751953125
0.950927734375	-0.03936767578125	0.3465576171875
0.9176025390625	-0.0382080078125	0.42791748046875
0.87664794921875	-0.03558349609375	0.50726318359375
0.83453369140625	-0.03369140625	0.5740966796875
0.781982421875	-0.031494140625	0.64361572265625
0.72186279296875	-0.028564453125	0.71044921875
0.663818359375	-0.0262451171875	0.764892578125
0.595947265625	-0.023193359375	0.81854248046875
0.52490234375	-0.020751953125	0.86566162109375
0.4541015625	-0.0186767578125	0.90380859375
0.37396240234375	-0.016357421875	0.939453125
0.2911376953125	-0.01348876953125	0.96746826171875
0.2142333984375	-0.0115966796875	0.986572265625
0.1290283203125	-0.00927734375	1.001220703125
0.04107666015625	-0.00677490234375	1.00750732421875
-0.0384521484375	-0.005126953125	1.0074462890625
-0.1220703125	-0.0035400390625	0.99981689453125
0.18292236328125	-0.221923828125	0.97039794921875
0.13726806640625	-0.163330078125	0.98822021484375
0.083740234375	-0.0950927734375	1.0015869140625
0.03057861328125	-0.027587890625	1.0074462890625
-0.0179443359375	0.0330810546875	1.00604248046875
-0.07080078125	0.10003662109375	0.9979248046875
-0.12420654296875	0.16741943359375	0.98187255859375
-0.17425537109375	0.23046875	0.9599609375
-0.2261962890625	0.29296875	0.9300537109375
-0.2752685546875	0.3551025390625	0.89251708984375
-0.3212890625	0.4112548828125	0.85040283203125
-0.366943359375	0.46612548828125	0.8006591796875
-0.4091796875	0.5167236328125	0.745849609375
-0.44622802734375	0.55987548828125	0.68939208984375
-0.4820556640625	0.60296630859375	0.6240234375
-0.51605224609375	0.64300537109375	0.5506591796875
-0.543701171875	0.6748046875	0.47943115234375
-0.56756591796875	0.7015380859375	0.40521240234375
-0.58880615234375	0.72515869140625	0.32232666015625
-0.60498046875	0.741943359375	0.24249267578125
-0.61688232421875	0.75299072265625	0.16058349609375
-0.62445068359375	0.759033203125	0.07427978515625
-0.62750244140625	0.75909423828125	-0.00750732421875
-0.6270751953125	0.753173828125	-0.09112548828125
-0.62103271484375	0.74169921875	-0.1790771484375
-0.61090087890625	0.7252197265625	-0.2591552734375
-0.59686279296875	0.703369140625	-0.3377685546875
-0.57763671875	0.674560546875	-0.41888427734375
-0.555419921875	0.64288330078125	-0.49169921875
-0.529296875	0.6063232421875	-0.56097412109375
-0.49725341796875	0.5621337890625	-0.63140869140625
-0.46221923828125	0.5140380859375	-0.69573974609375
-0.4244384765625	0.4627685546875	-0.7528076171875
-0.3804931640625	0.40557861328125	-0.8077392578125
-0.33709716796875	0.3482666015625	-0.8525390625
-0.29095458984375	0.2874755859375	-0.891845703125
-0.24090576171875	0.22210693359375	-0.9251708984375
-0.19134521484375	0.15814208984375	-0.9505615234375
-0.14007568359375	0.092529296875	-0.968505859375
-0.08319091796875	0.01971435546875	-0.98046875
-0.02947998046875	-0.04901123046875	-0.98370361328125
0.0201416015625	-0.11273193359375	-0.9794921875
0.07666015625	-0.18304443359375	-0.9674072265625
0.13043212890625	-0.2498779296875	-0.94842529296875
0.17730712890625	-0.31048583984375	-0.9241943359375
0.22943115234375	-0.3743896484375	-0.89044189453125
0.2777099609375	-0.432861328125	-0.8514404296875
0.32183837890625	-0.48828125	-0.80706787109375
0.368896484375	-0.545166015625	-0.75079345703125
0.40924072265625	-0.59423828125	-0.6932373046875
0.44384765625	-0.63580322265625	-0.635498046875
0.47943115234375	-0.67779541015625	-0.56549072265625
0.51019287109375	-0.71356201171875	-0.4932861328125
0.53466796875	-0.741455078125	-0.4249267578125
0.55841064453125	-0.76800537109375	-0.343505859375
0.577392578125	-0.78863525390625	-0.259033203125
0.5919189453125	-0.8026123046875	-0.1767578125
0.60205078125	-0.81182861328125	-0.0853271484375
0.60675048828125	-0.8143310546875	0.0
0.60748291015625	-0.81060791015625	0.0843505859375
0.60260009765625	-0.80096435546875	0.17236328125
0.59478759765625	-0.784912109375	0.25732421875
0.58184814453125	-0.76654052734375	0.333251953125
0.563720703125	-0.73883056640625	0.41729736328125
0.541259765625	-0.7052001953125	0.498046875
0.5166015625	-0.671630859375	0.56573486328125
0.4862060546875	-0.629638671875	0.635986328125
0.4520263671875	-0.58148193359375	0.702880859375
0.41729736328125	-0.5350341796875	0.7579345703125
0.37738037109375	-0.48077392578125	0.8128662109375
0.33489990234375	-0.42376708984375	0.8603515625
0.2921142578125	-0.36676025390625	0.900146484375
0.244873046875	-0.30322265625	0.93603515625
0.1939697265625	-0.23944091796875	0.9644775390625
0.1478271484375	-0.1783447265625	0.984619140625
0.0958251953125	-0.11138916015625	0.99957275390625
0.1412353515625	0.1026611328125	0.9918212890625
0.082275390625	0.05859375	1.00238037109375
0.013427734375	0.0072021484375	1.00750732421875
-0.04901123046875	-0.0400390625	1.00579833984375
-0.11651611328125	-0.0908203125	0.997314453125
-0.1846923828125	-0.14306640625	0.98095703125
-0.24847412109375	-0.19158935546875	0.95831298828125
-0.3135986328125	-0.2415771484375	0.92822265625
-0.3753662109375	-0.28924560546875	0.89093017578125
-0.4326171875	-0.3338623046875	0.848388671875
-0.4892578125	-0.37847900390625	0.79742431640625
-0.54095458984375	-0.4188232421875	0.74200439453125
-0.583984375	-0.45477294921875	0.6865234375
-0.628662109375	-0.48980712890625	0.61981201171875
-0.66876220703125	-0.522705078125	0.54608154296875
-0.70086669921875	-0.549072265625	0.4749755859375
-0.72760009765625	-0.57196044921875	0.40045166015625
-0.75115966796875	-0.5924072265625	0.31854248046875
-0.76776123046875	-0.607666015625	0.2384033203125
-0.77838134765625	-0.61920166015625	0.15692138671875
-0.7841796875	-0.62652587890625	0.071044921875
-0.78387451171875	-0.62933349609375	-0.01177978515625
-0.7777099609375	-0.62811279296875	-0.09521484375
-0.76593017578125	-0.6220703125	-0.1827392578125
-0.74853515625	-0.612060546875	-0.26300048828125
-0.7255859375	-0.59991455078125	-0.34014892578125
-0.69635009765625	-0.5809326171875	-0.4210205078125
-0.66363525390625	-0.55859375	-0.49407958984375
-0.62646484375	-0.5325927734375	-0.5638427734375
-0.5814208984375	-0.5008544921875	-0.63409423828125
-0.53082275390625	-0.46502685546875	-0.70001220703125
-0.47900390625	-0.42755126953125	-0.757080078125
-0.419921875	-0.385009765625	-0.81134033203125
-0.3602294921875	-0.34124755859375	-0.856689453125
-0.29730224609375	-0.294921875	-0.89581298828125
-0.2314453125	-0.24578857421875	-0.92852783203125
-0.165283203125	-0.1962890625	-0.95306396484375
-0.09771728515625	-0.145751953125	-0.9703369140625
-0.02325439453125	-0.089599609375	-0.98162841796875
0.04803466796875	-0.03582763671875	-0.9833984375
0.11553955078125	0.01434326171875	-0.97808837890625
0.18829345703125	0.06951904296875	-0.9644775390625
0.28814697265625	0.149169921875	-0.93023681640625
0.34661865234375	0.19390869140625	-0.90203857421875
0.41064453125	0.24371337890625	-0.86273193359375
0.451416015625	0.275390625	-0.832763671875
0.49945068359375	0.31304931640625	-0.79180908203125
0.55169677734375	0.35400390625	-0.739501953125
0.598876953125	0.3914794921875	-0.68292236328125
0.64013671875	0.424560546875	-0.62420654296875
0.6827392578125	0.45904541015625	-0.55279541015625
0.71826171875	0.4879150390625	-0.47991943359375
0.7462158203125	0.5113525390625	-0.40948486328125
0.77215576171875	0.531982421875	-0.330810546875
0.79229736328125	0.55010986328125	-0.24566650390625
0.805419921875	0.5631103515625	-0.16302490234375
0.81329345703125	0.5723876953125	-0.07275390625
0.81488037109375	0.5765380859375	0.01202392578125
0.8116455078125	0.5751953125	0.09521484375
0.80072021484375	0.5701904296875	0.18316650390625
0.78485107421875	0.560546875	0.26678466796875
0.76544189453125	0.54815673828125	0.34173583984375
0.73675537109375	0.52935791015625	0.42559814453125
0.7022705078125	0.50665283203125	0.5057373046875
0.66815185546875	0.48291015625	0.5716552734375
0.6258544921875	0.45343017578125	0.64111328125
0.5755615234375	0.4188232421875	0.70892333984375
0.52947998046875	0.38525390625	0.76220703125
0.4744873046875	0.345458984375	0.81610107421875
0.41571044921875	0.3035888671875	0.8641357421875
0.35858154296875	0.2618408203125	0.90277099609375
0.29486083984375	0.2149658203125	0.93804931640625
0.227783203125	0.16571044921875	0.9671630859375
0.1656494140625	0.1201171875	0.9859619140625
0.09814453125	0.06982421875	1.000244140625
0.02703857421875	0.0167236328125	1.00701904296875
0.000732421875	-0.0447998046875	1.00640869140625
-0.0018310546875	-0.1256103515625	1.00091552734375
-0.00445556640625	-0.20458984375	0.9891357421875
-0.00714111328125	-0.2852783203125	0.9698486328125
-0.009033203125	-0.35076904296875	0.9490966796875
-0.01092529296875	-0.42120361328125	0.9212646484375
-0.0128173828125	-0.4957275390625	0.883544921875
-0.0146484375	-0.5660400390625	0.84149169921875
-0.01611328125	-0.63385009765625	0.79266357421875
-0.0169677734375	-0.6976318359375	0.73760986328125
-0.0177001953125	-0.755859375	0.67822265625
-0.01611328125	-0.80804443359375	0.61529541015625
-0.0184326171875	-0.86083984375	0.539306640625
-0.01824951171875	-0.9034423828125	0.46368408203125
-0.01824951171875	-0.93707275390625	0.3914794921875
-0.01751708984375	-0.9661865234375	0.31036376953125
-0.01641845703125	-0.9888916015625	0.22576904296875
-0.0152587890625	-1.00286865234375	0.148193359375
-0.013671875	-1.01092529296875	0.06280517578125
-0.01190185546875	-1.011962890625	-0.02142333984375
-0.01007080078125	-1.00579833984375	-0.10284423828125
-0.00762939453125	-0.99151611328125	-0.1917724609375
-0.00506591796875	-0.97039794921875	-0.27423095703125
-0.0025634765625	-0.9454345703125	-0.34722900390625
0.0001220703125	-0.90924072265625	-0.4296875
0.00347900390625	-0.8673095703125	-0.50555419921875
0.00628662109375	-0.82440185546875	-0.57049560546875
0.00927734375	-0.77081298828125	-0.6387939453125
0.0133056640625	-0.7081298828125	-0.704345703125
0.0169677734375	-0.64691162109375	-0.75909423828125
0.02069091796875	-0.5714111328125	-0.81494140625
0.0245361328125	-0.4984130859375	-0.85968017578125
0.0277099609375	-0.42474365234375	-0.896484375
0.03155517578125	-0.3399658203125	-0.92999267578125
0.03515625	-0.2557373046875	-0.95489501953125
0.03814697265625	-0.17828369140625	-0.9705810546875
0.04193115234375	-0.08685302734375	-0.98162841796875
0.04510498046875	0.00421142578125	-0.98419189453125
0.0478515625	0.08367919921875	-0.979248046875
0.0509033203125	0.17333984375	-0.96630859375
0.0540771484375	0.2601318359375	-0.94537353515625
0.0562744140625	0.3365478515625	-0.92010498046875
0.05853271484375	0.4190673828125	-0.88494873046875
0.060302734375	0.4957275390625	-0.843994140625
0.06195068359375	0.56341552734375	-0.7999267578125
0.063720703125	0.6353759765625	-0.74359130859375
0.06475830078125	0.6990966796875	-0.68389892578125
0.06524658203125	0.75189208984375	-0.62506103515625
0.06585693359375	0.805908203125	-0.55462646484375
0.06591796875	0.8538818359375	-0.478271484375
0.0655517578125	0.890380859375	-0.40673828125
0.0654296875	0.9229736328125	-0.326904296875
0.064697265625	0.94970703125	-0.2418212890625
0.063720703125	0.9677734375	-0.15789794921875
0.062255859375	0.97869873046875	-0.0718994140625
0.060546875	0.98236083984375	0.01678466796875
0.05810546875	0.97772216796875	0.1011962890625
0.0556640625	0.96661376953125	0.18621826171875
0.05328369140625	0.94775390625	0.27130126953125
0.05047607421875	0.9217529296875	0.3531494140625
0.0477294921875	0.88909912109375	0.4315185546875
0.04437255859375	0.8475341796875	0.51123046875
0.0411376953125	0.8013916015625	0.58306884765625
0.03790283203125	0.75146484375	0.6480712890625
0.03424072265625	0.693359375	0.71197509765625
0.03057861328125	0.63055419921875	0.770751953125
0.02728271484375	0.56622314453125	0.82086181640625
0.02337646484375	0.49493408203125	0.867431640625
0.02001953125	0.4210205078125	0.90740966796875
0.01629638671875	0.34307861328125	0.94110107421875
0.0125732421875	0.26019287109375	0.96905517578125
0.0091552734375	0.17913818359375	0.98876953125
0.005615234375	0.099365234375	1.00103759765625
0.00238037109375	0.01220703125	1.0072021484375
-0.00079345703125	-0.071044921875	1.00616455078125
-0.00384521484375	-0.150634765625	0.99847412109375
0.31256103515625	-0.965087890625	0.0145263671875
0.2744140625	-0.97650146484375	0.01519775390625
0.19305419921875	-0.99517822265625	0.0164794921875
0.10498046875	-1.00775146484375	0.01800537109375
0.0264892578125	-1.0123291015625	0.01885986328125
-0.05987548828125	-1.01043701171875	0.01971435546875
-0.14581298828125	-1.0010986328125	0.0203857421875
-0.23223876953125	-0.9840087890625	0.02142333984375
-0.31201171875	-0.961181640625	0.02191162109375
-0.3966064453125	-0.92864990234375	0.0220947265625
-0.47064208984375	-0.89251708984375	0.0220947265625
-0.54278564453125	-0.8497314453125	0.0220947265625
-0.6153564453125	-0.79791259765625	0.02166748046875
-0.67724609375	-0.7451171875	0.02099609375
-0.73785400390625	-0.68402099609375	0.019775390625
-0.79461669921875	-0.61578369140625	0.01904296875
-0.84423828125	-0.54437255859375	0.0181884765625
-0.8851318359375	-0.472900390625	0.01666259765625
-0.92108154296875	-0.3955078125	0.01507568359375
-0.951416015625	-0.31201171875	0.01385498046875
-0.97259521484375	-0.2340087890625	0.0123291015625
-0.98760986328125	-0.1533203125	0.01031494140625
-0.99627685546875	-0.064697265625	0.0084228515625
-0.9969482421875	0.01617431640625	0.006591796875
-0.989990234375	0.1070556640625	0.00421142578125
-0.9766845703125	0.1861572265625	0.00238037109375
-0.957275390625	0.2650146484375	0.0001220703125
-0.92803955078125	0.3497314453125	-0.00238037109375
-0.89459228515625	0.42547607421875	-0.00433349609375
-0.8560791015625	0.49652099609375	-0.0062255859375
-0.8070068359375	0.57049560546875	-0.00897216796875
-0.75103759765625	0.64056396484375	-0.01104736328125
-0.692626953125	0.70172119140625	-0.013427734375
-0.62445068359375	0.76177978515625	-0.01568603515625
-0.5557861328125	0.81219482421875	-0.01763916015625
-0.48492431640625	0.85528564453125	-0.02001953125
-0.40338134765625	0.8963623046875	-0.0216064453125
-0.322021484375	0.92816162109375	-0.0235595703125
-0.24688720703125	0.9508056640625	-0.0245361328125
-0.15509033203125	0.96990966796875	-0.0264892578125
-0.06396484375	0.9803466796875	-0.0277099609375
0.0162353515625	0.98291015625	-0.0286865234375
0.10552978515625	0.97784423828125	-0.02996826171875
0.195068359375	0.96478271484375	-0.030517578125
0.27288818359375	0.94677734375	-0.0313720703125
0.35797119140625	0.919189453125	-0.0318603515625
0.43719482421875	0.8858642578125	-0.0321044921875
0.50762939453125	0.84912109375	-0.03216552734375
0.5865478515625	0.798828125	-0.0321044921875
0.655517578125	0.7452392578125	-0.031494140625
0.713134765625	0.69232177734375	-0.03125
0.77545166015625	0.6253662109375	-0.03070068359375
0.82843017578125	0.55596923828125	-0.02960205078125
0.8712158203125	0.48968505859375	-0.02862548828125
0.9127197265625	0.41107177734375	-0.02752685546875
0.94769287109375	0.32928466796875	-0.02593994140625
0.97344970703125	0.2486572265625	-0.0242919921875
0.99298095703125	0.16204833984375	-0.022705078125
1.0050048828125	0.07568359375	-0.02044677734375
1.00921630859375	-0.00811767578125	-0.01861572265625
1.00579833984375	-0.0970458984375	-0.01641845703125
0.99493408203125	-0.1826171875	-0.01397705078125
0.97821044921875	-0.26190185546875	-0.0115966796875
0.95281982421875	-0.34576416015625	-0.00946044921875
0.9189453125	-0.42919921875	-0.00653076171875
0.88116455078125	-0.50323486328125	-0.00433349609375
0.83673095703125	-0.57464599609375	-0.00177001953125
0.7845458984375	-0.64483642578125	0.0008544921875
0.729248046875	-0.7069091796875	0.0030517578125
0.668212890625	-0.7647705078125	0.00537109375
0.60028076171875	-0.819091796875	0.008056640625
0.53125	-0.86541748046875	0.0096435546875
0.45733642578125	-0.90625	0.01190185546875
0.3765869140625	-0.94244384765625	0.013916015625
0.298583984375	-0.969482421875	0.01593017578125
0.21868896484375	-0.99017333984375	0.01763916015625